% Interaction model final run PC and RT for each subject
interactionPC(:,:,1) = [ 0.55,  0.54,  0.56,  0.53,  0.55;
        0.57,  0.56,  0.65,  0.64,  0.78;
        0.53,  0.71,  0.85,  0.87,  0.91;
        0.55,  0.7 ,  1.  ,  1.  ,  1.  ];

interactionPC(:,:,2) = [ 0.58,  0.53,  0.58,  0.58,  0.58;
        0.53,  0.63,  0.87,  0.87,  0.83;
        0.56,  0.67,  0.95,  0.95,  0.92;
        0.54,  0.58,  1.  ,  1.  ,  1.  ];

interactionPC(:,:,3) = [ 0.57,  0.6 ,  0.57,  0.54,  0.53;
        0.58,  0.56,  0.85,  0.85,  0.83;
        0.55,  0.66,  0.95,  0.98,  0.97;
        0.53,  0.67,  0.99,  1.  ,  1.  ];

interactionPC(:,:,4) = [ 0.6 ,  0.61,  0.57,  0.55,  0.66;
        0.55,  0.59,  0.78,  0.81,  0.81;
        0.6 ,  0.75,  0.94,  0.93,  0.97;
        0.58,  0.76,  0.98,  0.99,  0.99];

interactionPC(:,:,5) = [ 0.55,  0.55,  0.55,  0.54,  0.6 ;
        0.59,  0.67,  0.83,  0.86,  0.85;
        0.55,  0.78,  0.94,  0.92,  0.95;
        0.57,  0.88,  0.98,  0.98,  0.99];

interactionPC(:,:,6) = [ 0.62,  0.64,  0.54,  0.54,  0.59;
        0.68,  0.69,  0.77,  0.8 ,  0.8 ;
        0.57,  0.68,  0.83,  0.85,  0.88;
        0.59,  0.77,  0.95,  0.98,  0.98];

interactionPC(:,:,7) = [ 0.6 ,  0.59,  0.58,  0.6 ,  0.55;
        0.59,  0.68,  0.84,  0.9 ,  0.89;
        0.58,  0.72,  0.95,  0.96,  0.97;
        0.58,  0.82,  0.97,  0.99,  0.99];

interactionPC(:,:,8) = [ 0.59,  0.57,  0.55,  0.56,  0.6 ;
        0.6 ,  0.72,  0.85,  0.89,  0.88;
        0.61,  0.69,  0.96,  0.97,  0.97;
        0.56,  0.75,  0.95,  0.98,  0.98];

interactionPC(:,:,9) = [ 0.59,  0.55,  0.62,  0.56,  0.59;
        0.54,  0.61,  0.6 ,  0.65,  0.6 ;
        0.58,  0.62,  0.64,  0.62,  0.66;
        0.62,  0.88,  0.97,  0.98,  0.98];

interactionRT(:,:,1) = [ 2.48,  2.48,  2.47,  2.48,  2.48;
        2.47,  2.47,  2.41,  2.42,  2.22;
        2.48,  2.33,  2.04,  1.95,  1.81;
        2.48,  2.36,  0.98,  0.95,  0.94];

interactionRT(:,:,2) = [ 2.06,  2.07,  2.06,  2.06,  2.06;
        2.07,  2.04,  1.79,  1.79,  1.85;
        2.06,  2.02,  1.59,  1.57,  1.66;
        2.07,  2.06,  1.04,  0.95,  0.92];

interactionRT(:,:,3) = [ 1.97,  1.96,  1.97,  1.97,  1.98;
        1.96,  1.97,  1.65,  1.65,  1.68;
        1.97,  1.92,  1.32,  1.13,  1.16;
        1.98,  1.91,  0.96,  0.83,  0.83];

interactionRT(:,:,4) = [ 1.56,  1.55,  1.57,  1.57,  1.53;
        1.57,  1.56,  1.43,  1.39,  1.39;
        1.56,  1.46,  1.12,  1.15,  1.02;
        1.56,  1.45,  0.96,  0.85,  0.86];

interactionRT(:,:,5) = [ 1.43,  1.43,  1.43,  1.43,  1.41;
        1.42,  1.38,  1.23,  1.18,  1.19;
        1.43,  1.29,  0.99,  1.03,  0.94;
        1.42,  1.12,  0.79,  0.78,  0.7 ];

interactionRT(:,:,6) = [ 1.5 ,  1.5 ,  1.52,  1.52,  1.52;
        1.48,  1.47,  1.41,  1.37,  1.37;
        1.52,  1.48,  1.34,  1.31,  1.25;
        1.52,  1.4 ,  1.08,  0.96,  0.97];

interactionRT(:,:,7) = [ 1.53,  1.54,  1.54,  1.53,  1.55;
        1.54,  1.49,  1.32,  1.22,  1.22;
        1.54,  1.47,  1.05,  1.  ,  0.99;
        1.54,  1.36,  0.96,  0.8 ,  0.77];

interactionRT(:,:,8) = [ 1.56,  1.56,  1.57,  1.56,  1.55;
        1.55,  1.49,  1.33,  1.24,  1.27;
        1.55,  1.51,  1.05,  1.01,  0.98;
        1.56,  1.46,  1.08,  0.91,  0.93];

interactionRT(:,:,9) = [ 1.46,  1.46,  1.45,  1.46,  1.46;
        1.46,  1.45,  1.45,  1.43,  1.45;
        1.46,  1.45,  1.44,  1.45,  1.43;
        1.44,  1.21,  0.95,  0.89,  0.89];


% Coherence model final PC and RT for each subject
coherencePC(:,:,1) = [ 0.5 ,  0.5 ,  0.52,  0.53,  0.54;
        0.51,  0.53,  0.64,  0.68,  0.77;
        0.52,  0.57,  0.77,  0.84,  0.93;
        0.64,  0.85,  1.  ,  1.  ,  1.  ];

coherencePC(:,:,2) = [ 0.51,  0.52,  0.57,  0.59,  0.57;
        0.53,  0.62,  0.85,  0.91,  0.88;
        0.55,  0.67,  0.94,  0.97,  0.95;
        0.64,  0.88,  1.  ,  1.  ,  1.  ];

coherencePC(:,:,3) = [ 0.5 ,  0.51,  0.53,  0.54,  0.54;
        0.52,  0.6 ,  0.76,  0.82,  0.83;
        0.55,  0.7 ,  0.92,  0.96,  0.97;
        0.59,  0.83,  0.99,  1.  ,  1.  ];

coherencePC(:,:,4) = [ 0.5 ,  0.5 ,  0.54,  0.52,  0.54;
        0.5 ,  0.51,  0.57,  0.54,  0.57;
        0.56,  0.62,  1.  ,  0.95,  1.  ;
        0.67,  0.79,  1.  ,  1.  ,  1.  ];

coherencePC(:,:,5) = [ 0.5 ,  0.51,  0.52,  0.51,  0.55;
        0.51,  0.52,  0.55,  0.53,  0.61;
        0.58,  0.74,  0.94,  0.86,  1.  ;
        0.7 ,  0.94,  1.  ,  0.99,  1.  ];

coherencePC(:,:,6) = [ 0.51,  0.51,  0.54,  0.54,  0.54;
        0.54,  0.57,  0.69,  0.69,  0.71;
        0.59,  0.68,  0.88,  0.89,  0.91;
        0.65,  0.78,  0.96,  0.97,  0.98];

coherencePC(:,:,7) = [ 0.5 ,  0.51,  0.52,  0.53,  0.53;
        0.54,  0.67,  0.87,  0.9 ,  0.92;
        0.55,  0.74,  0.94,  0.96,  0.97;
        0.58,  0.82,  0.98,  0.99,  1.  ];

coherencePC(:,:,8) = [ 0.5 ,  0.51,  0.54,  0.55,  0.56;
        0.55,  0.59,  0.83,  0.88,  0.89;
        0.58,  0.66,  0.95,  0.98,  0.98;
        0.59,  0.67,  0.96,  0.98,  0.99];

coherencePC(:,:,9) = [ 0.5 ,  0.5 ,  0.51,  0.51,  0.54;
        0.5 ,  0.5 ,  0.51,  0.52,  0.55;
        0.5 ,  0.51,  0.52,  0.52,  0.56;
        0.67,  0.81,  0.99,  1.  ,  1.  ];

coherenceRT(:,:,1) = [ 1.54,  1.72,  2.36,  2.32,  2.73;
        1.54,  1.71,  2.31,  2.24,  2.52;
        1.54,  1.71,  2.16,  2.02,  2.06;
        1.51,  1.48,  0.94,  0.95,  0.93];

coherenceRT(:,:,2) = [ 1.54,  1.77,  2.09,  2.33,  2.27;
        1.54,  1.75,  1.81,  1.84,  1.87;
        1.54,  1.71,  1.58,  1.53,  1.57;
        1.51,  1.43,  1.04,  0.96,  0.92];

coherenceRT(:,:,3) = [ 1.45,  1.69,  1.74,  1.96,  2.01;
        1.45,  1.67,  1.61,  1.7 ,  1.72;
        1.45,  1.62,  1.32,  1.22,  1.23;
        1.44,  1.5 ,  0.97,  0.81,  0.83];

coherenceRT(:,:,4) = [ 1.76,  1.74,  2.01,  1.7 ,  1.84;
        1.76,  1.74,  2.  ,  1.7 ,  1.84;
        1.75,  1.72,  1.22,  1.23,  1.06;
        1.71,  1.59,  0.97,  0.8 ,  0.8 ];

coherenceRT(:,:,5) = [ 1.34,  1.47,  1.53,  1.29,  2.14;
        1.34,  1.47,  1.52,  1.29,  2.12;
        1.33,  1.38,  1.14,  1.08,  1.01;
        1.28,  1.07,  0.76,  0.69,  0.67];

coherenceRT(:,:,6) = [ 1.39,  1.44,  1.59,  1.54,  1.53;
        1.39,  1.43,  1.54,  1.48,  1.46;
        1.38,  1.39,  1.31,  1.23,  1.2 ;
        1.36,  1.31,  1.08,  0.98,  0.96];

coherenceRT(:,:,7) = [ 1.5 ,  1.61,  1.62,  1.75,  1.6 ;
        1.5 ,  1.56,  1.36,  1.3 ,  1.19;
        1.5 ,  1.51,  1.19,  1.04,  0.98;
        1.49,  1.42,  1.  ,  0.78,  0.78];

coherenceRT(:,:,8) = [ 1.51,  1.46,  1.59,  1.57,  1.6 ;
        1.5 ,  1.45,  1.4 ,  1.3 ,  1.31;
        1.49,  1.42,  1.14,  1.  ,  1.01;
        1.49,  1.41,  1.09,  0.96,  0.96];

coherenceRT(:,:,9) = [ 1.24,  1.32,  1.52,  1.53,  1.78;
        1.24,  1.32,  1.52,  1.53,  1.78;
        1.24,  1.32,  1.52,  1.53,  1.78;
        1.19,  1.14,  0.95,  0.87,  0.87];

% Distance model final PC and RT for each subject
distancePC(:,:,1) = [ 0.5 ,  0.53,  0.57,  0.57,  0.57;
        0.51,  0.59,  0.7 ,  0.71,  0.71;
        0.52,  0.67,  0.86,  0.87,  0.87;
        0.56,  0.86,  0.99,  0.99,  0.99];

distancePC(:,:,2) = [ 0.51,  0.54,  0.59,  0.6 ,  0.61;
        0.53,  0.67,  0.84,  0.87,  0.88;
        0.55,  0.76,  0.94,  0.96,  0.96;
        0.58,  0.85,  0.98,  0.99,  0.99];

distancePC(:,:,3) = [ 0.5 ,  0.53,  0.58,  0.59,  0.59;
        0.51,  0.64,  0.81,  0.85,  0.85;
        0.52,  0.74,  0.93,  0.96,  0.96;
        0.53,  0.82,  0.98,  0.99,  0.99];

distancePC(:,:,4) = [ 0.5 ,  0.53,  0.58,  0.6 ,  0.6 ;
        0.51,  0.6 ,  0.76,  0.82,  0.81;
        0.53,  0.71,  0.93,  0.96,  0.96;
        0.56,  0.86,  0.99,  1.  ,  1.  ];

distancePC(:,:,5) = [ 0.5 ,  0.54,  0.57,  0.57,  0.58;
        0.52,  0.71,  0.84,  0.84,  0.88;
        0.53,  0.85,  0.96,  0.96,  0.98;
        0.54,  0.92,  0.99,  0.99,  1.  ];

distancePC(:,:,6) = [ 0.5 ,  0.51,  0.55,  0.56,  0.56;
        0.52,  0.55,  0.75,  0.79,  0.79;
        0.53,  0.58,  0.86,  0.9 ,  0.9 ;
        0.56,  0.66,  0.98,  0.99,  0.99];

